529561675
149601341
1324894460
871657962
96324017
103276382
506171079
546911638
405341092
836324408
65573463
264017239
1560374114
17020962
331092780
198265624
36076870
270106571
53762755
1137740785
1851623155
113351867
307404202
1164636264
307807275
559713170
1133766859
315113122
352178682
20720530
62831782
1227856501
1603029044
607458620
130816725
55498831
45530973
118757278
1365324600
433514620
787985641
470895214
560133046
1047347108
16548023
71495329
46417262
328851868
60898019
2187289213
2253149881
366584207
19642708
368890223
714249684
51374451
813702775
78072752
1512841280
259162353
52336338
1506479365
1954777620
171099932
119033209
96554074
750776341
62206341
1722541195
24224451
121456971
146076170
353128438
140462079
239724782
700404700
237970392
1516019688
460449711
1171018206
62513246
4126501
59371234
60500377
1381029642
91354545
1245496514
55838904
85068868
1110598956
55803935
1081139304
312898166
53436308
1351515804
767245980
374132500
115485051
17837040
402689564
426536412
747127814
2231116944
547767513
57268727
2256553543
296300394
237335858
341613737
76830014
421921101
23618093
37723067
1121652944
34563868
70428943
99352992
221845903
390968246
1357013743
326039202
43710217
1605789955
616321817
140770767
1341970171
43069339
1714338552
1430720126
923342094
30104882
421657513
414892883
152903505
593868365
57526975
510075462
151360760
1113861042
323839489
438058117
345811633
82863605
14072047
287153467
1897648854
1054204759
103601104
574482933
71935254
1605507014
229375142
1867024980
184346188
78864231
601663957
1065730236
76427043
205838761
53669303
599522973
73563870
250084634
180463340
1185629034
269283613
43434364
112458738
943168232
81800452
628693607
475100795
136903361
815484643
221755761
434130489
721824306
1412313948
406474799
436794521
906470570
1052284369
1703685194
295399972
993711421
1672836373
450539646
344533214
313332313
2197681524
91765679
2245540190
1048559299
454423088
115361965
729101677
887102790
2243504243
69382909
19552838
361334217
903272922
634769669
591676831
1261542546
96822166
129236965
474685899
261648010
430617672
1136676852
1890292508
30457335
40263840
302467265
2250062515
142258377
99659716
499336428
24150807
196518599
628392542
34232392
120752174
1492538024
274429370
1408502346
71362720
156616006
402784320
409903047
533771483
50004131
59531743
1171340466
101481551
1124614712
250560251
421785526
172305350
145200169
748017649
113964735
77917745
636712141
46844964
33211104
1655445643
1420139546
112744382
141602172
330971457
336892629
568065348
16508427
2222861534
207947483
121366339
410838662
38835507
46053737
109556793
1040243750
83938508
44635153
57343493
1461625531
359825204
601084697
203049889
73334533
1150669250
56304605
381089898
65617580
17865488
29873662
60874670
92037754
188478607
607343758
16610369
87936110
610902229
78891040
67542685
292508898
352141957
18452469
363099832
1642766065
475615421
21674494
474084588
470937613
123575653
336696316
1883135022
1200328855
36369371
22113312
46681342
585371105
67547362
139822357
607537371
808618998
97374279
496972344
562146789
66680890
995379962
39027217
109805275
1318091222
88357331
616306921
933797083
25998526
260705412
295507259
925294501
339790344
857972364
107168854
628243269
1522308182
1553156335
38479920
94778219
56323274
168033627
295049129
311442533
321445166
91739716
343134558
2150879151
1558298359
120737021
446444916
811393435
374699926
123618515
1274956028
40885516
1092637436
23821062
465252383
23488779
486558456
308309464
1946882504
14159148
64976509
42580408
1691827130
100722499
1385526308
120680031
500507519
450080693
15661911
999509672
588797722
1633751730
441750929
220127914
587748025
2224542276
506999228
155864272
1012972628
1825444674
36901045
235900379
801899030
1093349443
78699313
93155616
157708043
38124515
1044043800
254405503
245735200
162698305
89224721
183125843
844757299
561032333
117800926
422791150
50515656
102405065
55620730
103841768
11943652
53680967
124998334
1049865468
406464366
516498454
304185486
1637019102
1696238556
563189061
104128758
200083771
1810124917
2244229770
77744804
123918516
17717626
363768321
1209754296
834885175
216023780
255661275
18872373
1971961184
1977948955
82611050
912120763
64354682
1912655766
140349009
82570700
98314603
52665001
540623603
1187102858
1409729683
340848474
180215963
1277928288
793350740
253013386
585538720
37034483
2165164652
2192921227
78675960
573903867
807284736
60319328
